ID,Type,Amount,Timestamp,Details
1731591789947,standard,100,Thu Nov 14 2024 19:13:09 GMT+0530 (India Standard Time),Electricity Bill
